7 8 9 1 2 3 4 5 6
1 4 6 7 8 5 3 9 2
3 5 2 4 6 9 8 7 1
4 6 8 9 7 2 1 3 5
9 1 7 5 3 8 6 2 4
5 2 3 6 1 4 9 8 7
8 3 5 2 4 1 7 6 9
2 7 1 3 9 6 5 4 8
6 9 4 8 5 7 2 1 3

0
7 8 9 1 2 3 4 5 6
1 4 6 7 8 5 3 9 2
3 5 2 4 6 9 8 7 1
4 6 8 9 7 2 1 3 5
9 1 7 5 3 8 6 2 4
5 2 3 6 1 4 9 8 7
2 7 1 3 9 6 5 4 8
8 3 5 2 4 1 7 6 9
6 9 4 8 5 7 2 1 3

1
7 8 9 1 2 3 4 5 6
1 4 6 7 8 5 3 9 2
3 5 2 4 6 9 8 7 1
4 6 8 9 7 2 1 3 5
9 1 7 5 3 8 6 2 4
5 2 3 6 1 4 9 8 7
2 7 1 3 9 6 5 4 8
6 9 4 8 5 7 2 1 3
8 3 5 2 4 1 7 6 9

2
7 8 9 1 2 3 4 5 6
1 4 6 7 8 5 3 9 2
3 5 2 4 6 9 8 7 1
9 1 7 5 3 8 6 2 4
4 6 8 9 7 2 1 3 5
5 2 3 6 1 4 9 8 7
2 7 1 3 9 6 5 4 8
6 9 4 8 5 7 2 1 3
8 3 5 2 4 1 7 6 9

3
7 8 9 1 2 3 4 5 6
1 4 6 7 8 5 3 9 2
3 5 2 4 6 9 8 7 1
4 6 8 9 7 2 1 3 5
9 1 7 5 3 8 6 2 4
5 2 3 6 1 4 9 8 7
6 9 4 8 5 7 2 1 3
2 7 1 3 9 6 5 4 8
8 3 5 2 4 1 7 6 9

4
7 8 9 1 2 3 4 5 6
1 4 6 7 8 5 3 9 2
3 5 2 4 6 9 8 7 1
9 1 7 5 3 8 6 2 4
4 6 8 9 7 2 1 3 5
5 2 3 6 1 4 9 8 7
6 9 4 8 5 7 2 1 3
8 3 5 2 4 1 7 6 9
2 7 1 3 9 6 5 4 8

5
7 8 9 1 2 3 4 5 6
1 4 6 7 8 5 3 9 2
3 5 2 4 6 9 8 7 1
9 1 7 5 3 8 6 2 4
5 2 3 6 1 4 9 8 7
4 6 8 9 7 2 1 3 5
6 9 4 8 5 7 2 1 3
8 3 5 2 4 1 7 6 9
2 7 1 3 9 6 5 4 8

6
7 8 9 1 2 3 4 5 6
1 4 6 7 8 5 3 9 2
3 5 2 4 6 9 8 7 1
9 1 7 5 3 8 6 2 4
4 6 8 9 7 2 1 3 5
5 2 3 6 1 4 9 8 7
8 3 5 2 4 1 7 6 9
6 9 4 8 5 7 2 1 3
2 7 1 3 9 6 5 4 8

7
7 8 9 1 2 3 4 5 6
1 4 6 7 8 5 3 9 2
3 5 2 4 6 9 8 7 1
9 1 7 5 3 8 6 2 4
5 2 3 6 1 4 9 8 7
4 6 8 9 7 2 1 3 5
8 3 5 2 4 1 7 6 9
2 7 1 3 9 6 5 4 8
6 9 4 8 5 7 2 1 3

8
7 8 9 1 2 3 4 5 6
1 4 6 7 8 5 3 9 2
3 5 2 4 6 9 8 7 1
5 2 3 6 1 4 9 8 7
9 1 7 5 3 8 6 2 4
4 6 8 9 7 2 1 3 5
8 3 5 2 4 1 7 6 9
2 7 1 3 9 6 5 4 8
6 9 4 8 5 7 2 1 3

9
7 8 9 1 2 3 4 5 6
1 4 6 7 8 5 3 9 2
3 5 2 4 6 9 8 7 1
9 1 7 5 3 8 6 2 4
5 2 3 6 1 4 9 8 7
4 6 8 9 7 2 1 3 5
2 7 1 3 9 6 5 4 8
8 3 5 2 4 1 7 6 9
6 9 4 8 5 7 2 1 3

10
7 8 9 1 2 3 4 5 6
1 4 6 7 8 5 3 9 2
3 5 2 4 6 9 8 7 1
5 2 3 6 1 4 9 8 7
9 1 7 5 3 8 6 2 4
4 6 8 9 7 2 1 3 5
2 7 1 3 9 6 5 4 8
6 9 4 8 5 7 2 1 3
8 3 5 2 4 1 7 6 9

11
7 8 9 1 2 3 4 5 6
1 4 6 7 8 5 3 9 2
3 5 2 4 6 9 8 7 1
5 2 3 6 1 4 9 8 7
4 6 8 9 7 2 1 3 5
9 1 7 5 3 8 6 2 4
2 7 1 3 9 6 5 4 8
6 9 4 8 5 7 2 1 3
8 3 5 2 4 1 7 6 9

12
7 8 9 1 2 3 4 5 6
1 4 6 7 8 5 3 9 2
3 5 2 4 6 9 8 7 1
5 2 3 6 1 4 9 8 7
9 1 7 5 3 8 6 2 4
4 6 8 9 7 2 1 3 5
6 9 4 8 5 7 2 1 3
2 7 1 3 9 6 5 4 8
8 3 5 2 4 1 7 6 9

13
7 8 9 1 2 3 4 5 6
1 4 6 7 8 5 3 9 2
3 5 2 4 6 9 8 7 1
5 2 3 6 1 4 9 8 7
4 6 8 9 7 2 1 3 5
9 1 7 5 3 8 6 2 4
6 9 4 8 5 7 2 1 3
8 3 5 2 4 1 7 6 9
2 7 1 3 9 6 5 4 8

14
7 8 9 1 2 3 4 5 6
1 4 6 7 8 5 3 9 2
3 5 2 4 6 9 8 7 1
4 6 8 9 7 2 1 3 5
5 2 3 6 1 4 9 8 7
9 1 7 5 3 8 6 2 4
6 9 4 8 5 7 2 1 3
8 3 5 2 4 1 7 6 9
2 7 1 3 9 6 5 4 8

15
7 8 9 1 2 3 4 5 6
1 4 6 7 8 5 3 9 2
3 5 2 4 6 9 8 7 1
5 2 3 6 1 4 9 8 7
4 6 8 9 7 2 1 3 5
9 1 7 5 3 8 6 2 4
8 3 5 2 4 1 7 6 9
6 9 4 8 5 7 2 1 3
2 7 1 3 9 6 5 4 8

16
7 8 9 1 2 3 4 5 6
1 4 6 7 8 5 3 9 2
3 5 2 4 6 9 8 7 1
4 6 8 9 7 2 1 3 5
5 2 3 6 1 4 9 8 7
9 1 7 5 3 8 6 2 4
8 3 5 2 4 1 7 6 9
2 7 1 3 9 6 5 4 8
6 9 4 8 5 7 2 1 3

17
7 8 9 1 2 3 4 5 6
1 4 6 7 8 5 3 9 2
3 5 2 4 6 9 8 7 1
4 6 8 9 7 2 1 3 5
9 1 7 5 3 8 6 2 4
5 2 3 6 1 4 9 8 7
8 3 5 2 4 1 7 6 9
2 7 1 3 9 6 5 4 8
6 9 4 8 5 7 2 1 3

18
7 8 9 1 2 3 4 5 6
1 4 6 7 8 5 3 9 2
3 5 2 4 6 9 8 7 1
4 6 8 9 7 2 1 3 5
5 2 3 6 1 4 9 8 7
9 1 7 5 3 8 6 2 4
2 7 1 3 9 6 5 4 8
8 3 5 2 4 1 7 6 9
6 9 4 8 5 7 2 1 3

19
7 8 9 1 2 3 4 5 6
1 4 6 7 8 5 3 9 2
3 5 2 4 6 9 8 7 1
4 6 8 9 7 2 1 3 5
9 1 7 5 3 8 6 2 4
5 2 3 6 1 4 9 8 7
2 7 1 3 9 6 5 4 8
6 9 4 8 5 7 2 1 3
8 3 5 2 4 1 7 6 9

20
7 8 9 1 2 3 4 5 6
3 4 6 7 8 5 3 9 2
1 5 2 4 6 9 8 7 1
4 6 8 9 7 2 1 3 5
9 1 7 5 3 8 6 2 4
5 2 3 6 1 4 9 8 7
2 7 1 3 9 6 5 4 8
6 9 4 8 5 7 2 1 3
8 3 5 2 4 1 7 6 9

21
7 8 9 1 2 3 4 5 6
1 4 6 7 8 5 3 9 2
3 5 2 4 6 9 8 7 1
4 6 8 9 7 2 1 3 5
9 1 7 5 3 8 6 2 4
5 2 3 6 1 4 9 8 7
6 9 4 8 5 7 2 1 3
2 7 1 3 9 6 5 4 8
8 3 5 2 4 1 7 6 9

22
7 8 9 1 2 3 4 5 6
3 4 6 7 8 5 3 9 2
1 5 2 4 6 9 8 7 1
4 6 8 9 7 2 1 3 5
9 1 7 5 3 8 6 2 4
5 2 3 6 1 4 9 8 7
6 9 4 8 5 7 2 1 3
8 3 5 2 4 1 7 6 9
2 7 1 3 9 6 5 4 8

23
7 8 9 1 2 3 4 5 6
1 4 6 7 8 5 3 9 2
3 5 2 4 6 9 8 7 1
9 1 7 5 3 8 6 2 4
4 6 8 9 7 2 1 3 5
5 2 3 6 1 4 9 8 7
6 9 4 8 5 7 2 1 3
8 3 5 2 4 1 7 6 9
2 7 1 3 9 6 5 4 8

24
7 8 9 1 2 3 4 5 6
3 4 6 7 8 5 3 9 2
1 5 2 4 6 9 8 7 1
4 6 8 9 7 2 1 3 5
9 1 7 5 3 8 6 2 4
5 2 3 6 1 4 9 8 7
8 3 5 2 4 1 7 6 9
6 9 4 8 5 7 2 1 3
2 7 1 3 9 6 5 4 8

25
7 8 9 1 2 3 4 5 6
1 4 6 7 8 5 3 9 2
3 5 2 4 6 9 8 7 1
9 1 7 5 3 8 6 2 4
4 6 8 9 7 2 1 3 5
5 2 3 6 1 4 9 8 7
8 3 5 2 4 1 7 6 9
2 7 1 3 9 6 5 4 8
6 9 4 8 5 7 2 1 3

26
7 8 9 1 2 3 4 5 6
3 4 6 7 8 5 3 9 2
1 5 2 4 6 9 8 7 1
9 1 7 5 3 8 6 2 4
5 2 3 6 1 4 9 8 7
4 6 8 9 7 2 1 3 5
8 3 5 2 4 1 7 6 9
2 7 1 3 9 6 5 4 8
6 9 4 8 5 7 2 1 3

27
7 8 9 1 2 3 4 5 6
1 4 6 7 8 5 3 9 2
3 5 2 4 6 9 8 7 1
9 1 7 5 3 8 6 2 4
4 6 8 9 7 2 1 3 5
5 2 3 6 1 4 9 8 7
2 7 1 3 9 6 5 4 8
8 3 5 2 4 1 7 6 9
6 9 4 8 5 7 2 1 3

28
7 8 9 1 2 3 4 5 6
3 4 6 7 8 5 3 9 2
1 5 2 4 6 9 8 7 1
9 1 7 5 3 8 6 2 4
5 2 3 6 1 4 9 8 7
4 6 8 9 7 2 1 3 5
2 7 1 3 9 6 5 4 8
6 9 4 8 5 7 2 1 3
8 3 5 2 4 1 7 6 9

29
7 8 9 1 2 3 4 5 6
1 4 6 7 8 5 3 9 2
3 5 2 4 6 9 8 7 1
5 2 3 6 1 4 9 8 7
9 1 7 5 3 8 6 2 4
4 6 8 9 7 2 1 3 5
2 7 1 3 9 6 5 4 8
6 9 4 8 5 7 2 1 3
8 3 5 2 4 1 7 6 9

30
7 8 9 1 2 3 4 5 6
3 4 6 7 8 5 3 9 2
1 5 2 4 6 9 8 7 1
9 1 7 5 3 8 6 2 4
5 2 3 6 1 4 9 8 7
4 6 8 9 7 2 1 3 5
6 9 4 8 5 7 2 1 3
2 7 1 3 9 6 5 4 8
8 3 5 2 4 1 7 6 9

31
7 8 9 1 2 3 4 5 6
1 4 6 7 8 5 3 9 2
3 5 2 4 6 9 8 7 1
5 2 3 6 1 4 9 8 7
9 1 7 5 3 8 6 2 4
4 6 8 9 7 2 1 3 5
6 9 4 8 5 7 2 1 3
8 3 5 2 4 1 7 6 9
2 7 1 3 9 6 5 4 8

32
7 8 9 1 2 3 4 5 6
3 4 6 7 8 5 3 9 2
1 5 2 4 6 9 8 7 1
5 2 3 6 1 4 9 8 7
4 6 8 9 7 2 1 3 5
9 1 7 5 3 8 6 2 4
6 9 4 8 5 7 2 1 3
8 3 5 2 4 1 7 6 9
2 7 1 3 9 6 5 4 8

33
7 8 9 1 2 3 4 5 6
1 4 6 7 8 5 3 9 2
3 5 2 4 6 9 8 7 1
5 2 3 6 1 4 9 8 7
9 1 7 5 3 8 6 2 4
4 6 8 9 7 2 1 3 5
8 3 5 2 4 1 7 6 9
6 9 4 8 5 7 2 1 3
2 7 1 3 9 6 5 4 8

34
7 8 9 1 2 3 4 5 6
3 4 6 7 8 5 3 9 2
1 5 2 4 6 9 8 7 1
5 2 3 6 1 4 9 8 7
4 6 8 9 7 2 1 3 5
9 1 7 5 3 8 6 2 4
8 3 5 2 4 1 7 6 9
2 7 1 3 9 6 5 4 8
6 9 4 8 5 7 2 1 3

35
7 8 9 1 2 3 4 5 6
1 4 6 7 8 5 3 9 2
3 5 2 4 6 9 8 7 1
4 6 8 9 7 2 1 3 5
5 2 3 6 1 4 9 8 7
9 1 7 5 3 8 6 2 4
8 3 5 2 4 1 7 6 9
2 7 1 3 9 6 5 4 8
6 9 4 8 5 7 2 1 3

36
7 8 9 1 2 3 4 5 6
3 4 6 7 8 5 3 9 2
1 5 2 4 6 9 8 7 1
5 2 3 6 1 4 9 8 7
4 6 8 9 7 2 1 3 5
9 1 7 5 3 8 6 2 4
2 7 1 3 9 6 5 4 8
8 3 5 2 4 1 7 6 9
6 9 4 8 5 7 2 1 3

37
7 8 9 1 2 3 4 5 6
1 4 6 7 8 5 3 9 2
3 5 2 4 6 9 8 7 1
4 6 8 9 7 2 1 3 5
5 2 3 6 1 4 9 8 7
9 1 7 5 3 8 6 2 4
2 7 1 3 9 6 5 4 8
6 9 4 8 5 7 2 1 3
8 3 5 2 4 1 7 6 9

38
7 8 9 1 2 3 4 5 6
3 4 6 7 8 5 3 9 2
1 5 2 4 6 9 8 7 1
4 6 8 9 7 2 1 3 5
9 1 7 5 3 8 6 2 4
5 2 3 6 1 4 9 8 7
2 7 1 3 9 6 5 4 8
6 9 4 8 5 7 2 1 3
8 3 5 2 4 1 7 6 9

39
7 8 9 1 2 3 4 5 6
1 4 6 7 8 5 3 9 2
3 5 2 4 6 9 8 7 1
4 6 8 9 7 2 1 3 5
5 2 3 6 1 4 9 8 7
9 1 7 5 3 8 6 2 4
6 9 4 8 5 7 2 1 3
2 7 1 3 9 6 5 4 8
8 3 5 2 4 1 7 6 9

40
7 8 9 1 2 3 4 5 6
3 4 6 7 8 5 3 9 2
1 5 2 4 6 9 8 7 1
4 6 8 9 7 2 1 3 5
9 1 7 5 3 8 6 2 4
5 2 3 6 1 4 9 8 7
6 9 4 8 5 7 2 1 3
8 3 5 2 4 1 7 6 9
2 7 1 3 9 6 5 4 8

41
7 8 9 1 2 3 4 5 6
1 4 6 7 8 5 3 9 2
3 5 2 4 6 9 8 7 1
4 6 8 9 7 2 1 3 5
9 1 7 5 3 8 6 2 4
5 2 3 6 1 4 9 8 7
6 9 4 8 5 7 2 1 3
8 3 5 2 4 1 7 6 9
2 7 1 3 9 6 5 4 8

42
7 8 9 1 2 3 4 5 6
3 4 6 7 8 5 3 9 2
1 5 2 4 6 9 8 7 1
4 6 8 9 7 2 1 3 5
9 1 7 5 3 8 6 2 4
5 2 3 6 1 4 9 8 7
8 3 5 2 4 1 7 6 9
6 9 4 8 5 7 2 1 3
2 7 1 3 9 6 5 4 8

43
7 8 9 1 2 3 4 5 6
1 4 6 7 8 5 3 9 2
3 5 2 4 6 9 8 7 1
4 6 8 9 7 2 1 3 5
9 1 7 5 3 8 6 2 4
5 2 3 6 1 4 9 8 7
8 3 5 2 4 1 7 6 9
2 7 1 3 9 6 5 4 8
6 9 4 8 5 7 2 1 3

44
7 8 9 1 2 3 4 5 6
3 4 6 7 8 5 3 9 2
1 5 2 4 6 9 8 7 1
9 1 7 5 3 8 6 2 4
4 6 8 9 7 2 1 3 5
5 2 3 6 1 4 9 8 7
8 3 5 2 4 1 7 6 9
2 7 1 3 9 6 5 4 8
6 9 4 8 5 7 2 1 3

45
7 8 9 1 2 3 4 5 6
1 4 6 7 8 5 3 9 2
3 5 2 4 6 9 8 7 1
4 6 8 9 7 2 1 3 5
9 1 7 5 3 8 6 2 4
5 2 3 6 1 4 9 8 7
2 7 1 3 9 6 5 4 8
8 3 5 2 4 1 7 6 9
6 9 4 8 5 7 2 1 3

46
7 8 9 1 2 3 4 5 6
3 4 6 7 8 5 3 9 2
1 5 2 4 6 9 8 7 1
9 1 7 5 3 8 6 2 4
4 6 8 9 7 2 1 3 5
5 2 3 6 1 4 9 8 7
2 7 1 3 9 6 5 4 8
6 9 4 8 5 7 2 1 3
8 3 5 2 4 1 7 6 9

47
7 8 9 1 2 3 4 5 6
1 4 6 7 8 5 3 9 2
3 5 2 4 6 9 8 7 1
9 1 7 5 3 8 6 2 4
5 2 3 6 1 4 9 8 7
4 6 8 9 7 2 1 3 5
2 7 1 3 9 6 5 4 8
6 9 4 8 5 7 2 1 3
8 3 5 2 4 1 7 6 9

48
7 8 9 1 2 3 4 5 6
3 4 6 7 8 5 3 9 2
1 5 2 4 6 9 8 7 1
9 1 7 5 3 8 6 2 4
4 6 8 9 7 2 1 3 5
5 2 3 6 1 4 9 8 7
6 9 4 8 5 7 2 1 3
2 7 1 3 9 6 5 4 8
8 3 5 2 4 1 7 6 9

49
7 8 9 1 2 3 4 5 6
1 4 6 7 8 5 3 9 2
3 5 2 4 6 9 8 7 1
9 1 7 5 3 8 6 2 4
5 2 3 6 1 4 9 8 7
4 6 8 9 7 2 1 3 5
6 9 4 8 5 7 2 1 3
8 3 5 2 4 1 7 6 9
2 7 1 3 9 6 5 4 8

50
7 8 9 1 2 3 4 5 6
3 4 6 7 8 5 3 9 2
1 5 2 4 6 9 8 7 1
5 2 3 6 1 4 9 8 7
9 1 7 5 3 8 6 2 4
4 6 8 9 7 2 1 3 5
6 9 4 8 5 7 2 1 3
8 3 5 2 4 1 7 6 9
2 7 1 3 9 6 5 4 8

51
7 8 9 1 2 3 4 5 6
1 4 6 7 8 5 3 9 2
3 5 2 4 6 9 8 7 1
9 1 7 5 3 8 6 2 4
5 2 3 6 1 4 9 8 7
4 6 8 9 7 2 1 3 5
8 3 5 2 4 1 7 6 9
6 9 4 8 5 7 2 1 3
2 7 1 3 9 6 5 4 8

52
7 8 9 1 2 3 4 5 6
3 4 6 7 8 5 3 9 2
1 5 2 4 6 9 8 7 1
5 2 3 6 1 4 9 8 7
9 1 7 5 3 8 6 2 4
4 6 8 9 7 2 1 3 5
8 3 5 2 4 1 7 6 9
2 7 1 3 9 6 5 4 8
6 9 4 8 5 7 2 1 3

53
7 8 9 1 2 3 4 5 6
1 4 6 7 8 5 3 9 2
3 5 2 4 6 9 8 7 1
5 2 3 6 1 4 9 8 7
4 6 8 9 7 2 1 3 5
9 1 7 5 3 8 6 2 4
8 3 5 2 4 1 7 6 9
2 7 1 3 9 6 5 4 8
6 9 4 8 5 7 2 1 3

54
7 8 9 1 2 3 4 5 6
3 4 6 7 8 5 3 9 2
1 5 2 4 6 9 8 7 1
5 2 3 6 1 4 9 8 7
9 1 7 5 3 8 6 2 4
4 6 8 9 7 2 1 3 5
2 7 1 3 9 6 5 4 8
8 3 5 2 4 1 7 6 9
6 9 4 8 5 7 2 1 3

55
7 8 9 1 2 3 4 5 6
1 4 6 7 8 5 3 9 2
3 5 2 4 6 9 8 7 1
5 2 3 6 1 4 9 8 7
4 6 8 9 7 2 1 3 5
9 1 7 5 3 8 6 2 4
2 7 1 3 9 6 5 4 8
6 9 4 8 5 7 2 1 3
8 3 5 2 4 1 7 6 9

56
7 8 9 1 2 3 4 5 6
3 4 6 7 8 5 3 9 2
1 5 2 4 6 9 8 7 1
4 6 8 9 7 2 1 3 5
5 2 3 6 1 4 9 8 7
9 1 7 5 3 8 6 2 4
2 7 1 3 9 6 5 4 8
6 9 4 8 5 7 2 1 3
8 3 5 2 4 1 7 6 9

57
7 8 9 1 2 3 4 5 6
1 4 6 7 8 5 3 9 2
3 5 2 4 6 9 8 7 1
5 2 3 6 1 4 9 8 7
4 6 8 9 7 2 1 3 5
9 1 7 5 3 8 6 2 4
6 9 4 8 5 7 2 1 3
2 7 1 3 9 6 5 4 8
8 3 5 2 4 1 7 6 9

58
7 8 9 1 2 3 4 5 6
3 4 6 7 8 5 3 9 2
1 5 2 4 6 9 8 7 1
4 6 8 9 7 2 1 3 5
5 2 3 6 1 4 9 8 7
9 1 7 5 3 8 6 2 4
6 9 4 8 5 7 2 1 3
8 3 5 2 4 1 7 6 9
2 7 1 3 9 6 5 4 8

59
7 8 9 1 2 3 4 5 6
1 4 6 7 8 5 3 9 2
3 5 2 4 6 9 8 7 1
4 6 8 9 7 2 1 3 5
9 1 7 5 3 8 6 2 4
5 2 3 6 1 4 9 8 7
6 9 4 8 5 7 2 1 3
8 3 5 2 4 1 7 6 9
2 7 1 3 9 6 5 4 8

60
7 8 9 1 2 3 4 5 6
3 4 6 7 8 5 3 9 2
1 5 2 4 6 9 8 7 1
4 6 8 9 7 2 1 3 5
5 2 3 6 1 4 9 8 7
9 1 7 5 3 8 6 2 4
8 3 5 2 4 1 7 6 9
6 9 4 8 5 7 2 1 3
2 7 1 3 9 6 5 4 8

61
7 8 9 1 2 3 4 5 6
1 4 6 7 8 5 3 9 2
3 5 2 4 6 9 8 7 1
4 6 8 9 7 2 1 3 5
9 1 7 5 3 8 6 2 4
5 2 3 6 1 4 9 8 7
8 3 5 2 4 1 7 6 9
2 7 1 3 9 6 5 4 8
6 9 4 8 5 7 2 1 3

62
7 8 9 1 2 3 5 4 6
1 4 6 7 8 5 9 3 2
3 5 2 4 6 9 7 8 1
4 6 8 9 7 2 3 1 5
9 1 7 5 3 8 2 6 4
5 2 3 6 1 4 8 9 7
8 3 5 2 4 1 6 7 9
2 7 1 3 9 6 4 5 8
6 9 4 8 5 7 1 2 3

63
7 8 9 1 2 3 4 5 6
1 4 6 7 8 5 3 9 2
3 5 2 4 6 9 8 7 1
4 6 8 9 7 2 1 3 5
9 1 7 5 3 8 6 2 4
5 2 3 6 1 4 9 8 7
2 7 1 3 9 6 5 4 8
8 3 5 2 4 1 7 6 9
6 9 4 8 5 7 2 1 3

64
7 8 9 1 2 3 5 4 6
1 4 6 7 8 5 9 3 2
3 5 2 4 6 9 7 8 1
4 6 8 9 7 2 3 1 5
9 1 7 5 3 8 2 6 4
5 2 3 6 1 4 8 9 7
2 7 1 3 9 6 4 5 8
6 9 4 8 5 7 1 2 3
8 3 5 2 4 1 6 7 9

65
7 8 9 1 2 3 4 5 6
1 4 6 7 8 5 3 9 2
3 5 2 4 6 9 8 7 1
9 1 7 5 3 8 6 2 4
4 6 8 9 7 2 1 3 5
5 2 3 6 1 4 9 8 7
2 7 1 3 9 6 5 4 8
6 9 4 8 5 7 2 1 3
8 3 5 2 4 1 7 6 9

66
7 8 9 1 2 3 5 4 6
1 4 6 7 8 5 9 3 2
3 5 2 4 6 9 7 8 1
4 6 8 9 7 2 3 1 5
9 1 7 5 3 8 2 6 4
5 2 3 6 1 4 8 9 7
6 9 4 8 5 7 1 2 3
2 7 1 3 9 6 4 5 8
8 3 5 2 4 1 6 7 9

67
7 8 9 1 2 3 4 5 6
1 4 6 7 8 5 3 9 2
3 5 2 4 6 9 8 7 1
9 1 7 5 3 8 6 2 4
4 6 8 9 7 2 1 3 5
5 2 3 6 1 4 9 8 7
6 9 4 8 5 7 2 1 3
8 3 5 2 4 1 7 6 9
2 7 1 3 9 6 5 4 8

68
7 8 9 1 2 3 5 4 6
1 4 6 7 8 5 9 3 2
3 5 2 4 6 9 7 8 1
9 1 7 5 3 8 2 6 4
5 2 3 6 1 4 8 9 7
4 6 8 9 7 2 3 1 5
6 9 4 8 5 7 1 2 3
8 3 5 2 4 1 6 7 9
2 7 1 3 9 6 4 5 8

69
7 8 9 1 2 3 4 5 6
1 4 6 7 8 5 3 9 2
3 5 2 4 6 9 8 7 1
9 1 7 5 3 8 6 2 4
4 6 8 9 7 2 1 3 5
5 2 3 6 1 4 9 8 7
8 3 5 2 4 1 7 6 9
6 9 4 8 5 7 2 1 3
2 7 1 3 9 6 5 4 8

70
7 8 9 1 2 3 5 4 6
1 4 6 7 8 5 9 3 2
3 5 2 4 6 9 7 8 1
9 1 7 5 3 8 2 6 4
5 2 3 6 1 4 8 9 7
4 6 8 9 7 2 3 1 5
8 3 5 2 4 1 6 7 9
2 7 1 3 9 6 4 5 8
6 9 4 8 5 7 1 2 3

71
7 8 9 1 2 3 4 5 6
1 4 6 7 8 5 3 9 2
3 5 2 4 6 9 8 7 1
5 2 3 6 1 4 9 8 7
9 1 7 5 3 8 6 2 4
4 6 8 9 7 2 1 3 5
8 3 5 2 4 1 7 6 9
2 7 1 3 9 6 5 4 8
6 9 4 8 5 7 2 1 3

72
7 8 9 1 2 3 5 4 6
1 4 6 7 8 5 9 3 2
3 5 2 4 6 9 7 8 1
9 1 7 5 3 8 2 6 4
5 2 3 6 1 4 8 9 7
4 6 8 9 7 2 3 1 5
2 7 1 3 9 6 4 5 8
8 3 5 2 4 1 6 7 9
6 9 4 8 5 7 1 2 3

73
7 8 9 1 2 3 4 5 6
1 4 6 7 8 5 3 9 2
3 5 2 4 6 9 8 7 1
5 2 3 6 1 4 9 8 7
9 1 7 5 3 8 6 2 4
4 6 8 9 7 2 1 3 5
2 7 1 3 9 6 5 4 8
6 9 4 8 5 7 2 1 3
8 3 5 2 4 1 7 6 9

74
7 8 9 1 2 3 5 4 6
1 4 6 7 8 5 9 3 2
3 5 2 4 6 9 7 8 1
5 2 3 6 1 4 8 9 7
4 6 8 9 7 2 3 1 5
9 1 7 5 3 8 2 6 4
2 7 1 3 9 6 4 5 8
6 9 4 8 5 7 1 2 3
8 3 5 2 4 1 6 7 9

75
7 8 9 1 2 3 4 5 6
1 4 6 7 8 5 3 9 2
3 5 2 4 6 9 8 7 1
5 2 3 6 1 4 9 8 7
9 1 7 5 3 8 6 2 4
4 6 8 9 7 2 1 3 5
6 9 4 8 5 7 2 1 3
2 7 1 3 9 6 5 4 8
8 3 5 2 4 1 7 6 9

76
7 8 9 1 2 3 5 4 6
1 4 6 7 8 5 9 3 2
3 5 2 4 6 9 7 8 1
5 2 3 6 1 4 8 9 7
4 6 8 9 7 2 3 1 5
9 1 7 5 3 8 2 6 4
6 9 4 8 5 7 1 2 3
8 3 5 2 4 1 6 7 9
2 7 1 3 9 6 4 5 8

77
7 8 9 1 2 3 4 5 6
1 4 6 7 8 5 3 9 2
3 5 2 4 6 9 8 7 1
4 6 8 9 7 2 1 3 5
5 2 3 6 1 4 9 8 7
9 1 7 5 3 8 6 2 4
6 9 4 8 5 7 2 1 3
8 3 5 2 4 1 7 6 9
2 7 1 3 9 6 5 4 8

78
7 8 9 1 2 3 5 4 6
1 4 6 7 8 5 9 3 2
3 5 2 4 6 9 7 8 1
5 2 3 6 1 4 8 9 7
4 6 8 9 7 2 3 1 5
9 1 7 5 3 8 2 6 4
8 3 5 2 4 1 6 7 9
6 9 4 8 5 7 1 2 3
2 7 1 3 9 6 4 5 8

79
7 8 9 1 2 3 4 5 6
1 4 6 7 8 5 3 9 2
3 5 2 4 6 9 8 7 1
4 6 8 9 7 2 1 3 5
5 2 3 6 1 4 9 8 7
9 1 7 5 3 8 6 2 4
8 3 5 2 4 1 7 6 9
2 7 1 3 9 6 5 4 8
6 9 4 8 5 7 2 1 3

80
7 8 9 1 2 3 5 4 6
1 4 6 7 8 5 9 3 2
3 5 2 4 6 9 7 8 1
4 6 8 9 7 2 3 1 5
9 1 7 5 3 8 2 6 4
5 2 3 6 1 4 8 9 7
8 3 5 2 4 1 6 7 9
2 7 1 3 9 6 4 5 8
6 9 4 8 5 7 1 2 3

81
7 8 9 1 2 3 4 5 6
1 4 6 7 8 5 3 9 2
3 5 2 4 6 9 8 7 1
4 6 8 9 7 2 1 3 5
5 2 3 6 1 4 9 8 7
9 1 7 5 3 8 6 2 4
2 7 1 3 9 6 5 4 8
8 3 5 2 4 1 7 6 9
6 9 4 8 5 7 2 1 3

82
7 8 9 1 2 3 5 4 6
1 4 6 7 8 5 9 3 2
3 5 2 4 6 9 7 8 1
4 6 8 9 7 2 3 1 5
9 1 7 5 3 8 2 6 4
5 2 3 6 1 4 8 9 7
2 7 1 3 9 6 4 5 8
6 9 4 8 5 7 1 2 3
8 3 5 2 4 1 6 7 9

83
7 8 9 1 2 3 4 5 6
1 4 6 7 8 5 3 9 2
4 5 2 4 6 9 8 7 1
3 6 8 9 7 2 1 3 5
9 1 7 5 3 8 6 2 4
5 2 3 6 1 4 9 8 7
2 7 1 3 9 6 5 4 8
6 9 4 8 5 7 2 1 3
8 3 5 2 4 1 7 6 9

84
7 8 9 1 2 3 5 4 6
1 4 6 7 8 5 9 3 2
3 5 2 4 6 9 7 8 1
4 6 8 9 7 2 3 1 5
9 1 7 5 3 8 2 6 4
5 2 3 6 1 4 8 9 7
6 9 4 8 5 7 1 2 3
2 7 1 3 9 6 4 5 8
8 3 5 2 4 1 6 7 9

85
7 8 9 1 2 3 4 5 6
1 4 6 7 8 5 3 9 2
4 5 2 4 6 9 8 7 1
3 6 8 9 7 2 1 3 5
9 1 7 5 3 8 6 2 4
5 2 3 6 1 4 9 8 7
6 9 4 8 5 7 2 1 3
8 3 5 2 4 1 7 6 9
2 7 1 3 9 6 5 4 8

86
7 8 9 1 2 3 5 4 6
1 4 6 7 8 5 9 3 2
3 5 2 4 6 9 7 8 1
9 1 7 5 3 8 2 6 4
4 6 8 9 7 2 3 1 5
5 2 3 6 1 4 8 9 7
6 9 4 8 5 7 1 2 3
8 3 5 2 4 1 6 7 9
2 7 1 3 9 6 4 5 8

87
7 8 9 1 2 3 4 5 6
1 4 6 7 8 5 3 9 2
9 5 2 4 6 9 8 7 1
4 6 8 9 7 2 1 3 5
3 1 7 5 3 8 6 2 4
5 2 3 6 1 4 9 8 7
8 3 5 2 4 1 7 6 9
6 9 4 8 5 7 2 1 3
2 7 1 3 9 6 5 4 8

88
7 8 9 1 2 3 5 4 6
1 4 6 7 8 5 9 3 2
4 5 2 4 6 9 7 8 1
3 1 7 5 3 8 2 6 4
9 6 8 9 7 2 3 1 5
5 2 3 6 1 4 8 9 7
8 3 5 2 4 1 6 7 9
2 7 1 3 9 6 4 5 8
6 9 4 8 5 7 1 2 3

89
7 8 9 1 2 3 4 5 6
1 4 6 7 8 5 3 9 2
3 5 2 4 6 9 8 7 1
4 1 7 5 3 8 6 2 4
5 2 3 6 1 4 9 8 7
9 6 8 9 7 2 1 3 5
8 3 5 2 4 1 7 6 9
2 7 1 3 9 6 5 4 8
6 9 4 8 5 7 2 1 3

90
7 8 9 1 2 3 5 4 6
1 4 6 7 8 5 9 3 2
4 5 2 4 6 9 7 8 1
3 1 7 5 3 8 2 6 4
9 6 8 9 7 2 3 1 5
5 2 3 6 1 4 8 9 7
2 7 1 3 9 6 4 5 8
8 3 5 2 4 1 6 7 9
6 9 4 8 5 7 1 2 3

91
7 8 9 1 2 3 4 5 6
1 4 6 7 8 5 3 9 2
3 5 2 4 6 9 8 7 1
4 1 7 5 3 8 6 2 4
5 2 3 6 1 4 9 8 7
9 6 8 9 7 2 1 3 5
2 7 1 3 9 6 5 4 8
6 9 4 8 5 7 2 1 3
8 3 5 2 4 1 7 6 9

92
7 8 9 1 2 3 5 4 6
1 4 6 7 8 5 9 3 2
4 5 2 4 6 9 7 8 1
5 2 3 6 1 4 8 9 7
3 1 7 5 3 8 2 6 4
9 6 8 9 7 2 3 1 5
2 7 1 3 9 6 4 5 8
6 9 4 8 5 7 1 2 3
8 3 5 2 4 1 6 7 9

93
7 8 9 1 2 3 4 5 6
1 4 6 7 8 5 3 9 2
5 5 2 4 6 9 8 7 1
3 1 7 5 3 8 6 2 4
4 2 3 6 1 4 9 8 7
9 6 8 9 7 2 1 3 5
6 9 4 8 5 7 2 1 3
2 7 1 3 9 6 5 4 8
8 3 5 2 4 1 7 6 9

94
7 8 9 1 2 3 5 4 6
1 4 6 7 8 5 9 3 2
3 5 2 4 6 9 7 8 1
4 2 3 6 1 4 8 9 7
5 1 7 5 3 8 2 6 4
9 6 8 9 7 2 3 1 5
6 9 4 8 5 7 1 2 3
8 3 5 2 4 1 6 7 9
2 7 1 3 9 6 4 5 8

95
7 8 9 1 2 3 4 5 6
1 4 6 7 8 5 3 9 2
4 5 2 4 6 9 8 7 1
3 2 3 6 1 4 9 8 7
9 6 8 9 7 2 1 3 5
5 1 7 5 3 8 6 2 4
6 9 4 8 5 7 2 1 3
8 3 5 2 4 1 7 6 9
2 7 1 3 9 6 5 4 8

96
7 8 9 1 2 3 5 4 6
1 4 6 7 8 5 9 3 2
3 5 2 4 6 9 7 8 1
4 2 3 6 1 4 8 9 7
5 1 7 5 3 8 2 6 4
9 6 8 9 7 2 3 1 5
8 3 5 2 4 1 6 7 9
6 9 4 8 5 7 1 2 3
2 7 1 3 9 6 4 5 8

97
7 8 9 1 2 3 4 5 6
1 4 6 7 8 5 3 9 2
4 5 2 4 6 9 8 7 1
3 2 3 6 1 4 9 8 7
9 6 8 9 7 2 1 3 5
5 1 7 5 3 8 6 2 4
8 3 5 2 4 1 7 6 9
2 7 1 3 9 6 5 4 8
6 9 4 8 5 7 2 1 3

98
7 8 9 1 2 3 5 4 6
1 4 6 7 8 5 9 3 2
3 5 2 4 6 9 7 8 1
9 6 8 9 7 2 3 1 5
4 2 3 6 1 4 8 9 7
5 1 7 5 3 8 2 6 4
8 3 5 2 4 1 6 7 9
2 7 1 3 9 6 4 5 8
6 9 4 8 5 7 1 2 3

99
7 8 9 1 2 3 4 5 6
1 4 6 7 8 5 3 9 2
9 5 2 4 6 9 8 7 1
4 2 3 6 1 4 9 8 7
3 6 8 9 7 2 1 3 5
5 1 7 5 3 8 6 2 4
2 7 1 3 9 6 5 4 8
8 3 5 2 4 1 7 6 9
6 9 4 8 5 7 2 1 3

100
7 8 9 1 2 3 5 4 6
1 4 6 7 8 5 9 3 2
4 5 2 4 6 9 7 8 1
3 6 8 9 7 2 3 1 5
9 2 3 6 1 4 8 9 7
5 1 7 5 3 8 2 6 4
2 7 1 3 9 6 4 5 8
6 9 4 8 5 7 1 2 3
8 3 5 2 4 1 6 7 9

101
7 8 9 1 2 3 4 5 6
1 4 6 7 8 5 3 9 2
3 5 2 4 6 9 8 7 1
4 6 8 9 7 2 1 3 5
5 1 7 5 3 8 6 2 4
9 2 3 6 1 4 9 8 7
2 7 1 3 9 6 5 4 8
6 9 4 8 5 7 2 1 3
8 3 5 2 4 1 7 6 9

102
7 8 9 1 2 3 5 4 6
1 4 6 7 8 5 9 3 2
4 5 2 4 6 9 7 8 1
3 6 8 9 7 2 3 1 5
9 2 3 6 1 4 8 9 7
5 1 7 5 3 8 2 6 4
6 9 4 8 5 7 1 2 3
2 7 1 3 9 6 4 5 8
8 3 5 2 4 1 6 7 9

103
7 8 9 1 2 3 4 5 6
1 4 6 7 8 5 3 9 2
3 5 2 4 6 9 8 7 1
4 6 8 9 7 2 1 3 5
5 1 7 5 3 8 6 2 4
9 2 3 6 1 4 9 8 7
6 9 4 8 5 7 2 1 3
8 3 5 2 4 1 7 6 9
2 7 1 3 9 6 5 4 8

104
7 8 9 1 2 3 5 4 6
1 4 6 7 8 5 9 3 2
4 5 2 4 6 9 7 8 1
3 6 8 9 7 2 3 1 5
5 1 7 5 3 8 2 6 4
9 2 3 6 1 4 8 9 7
6 9 4 8 5 7 1 2 3
8 3 5 2 4 1 6 7 9
2 7 1 3 9 6 4 5 8

105
7 8 9 1 2 3 4 5 6
1 4 6 7 8 5 3 9 2
3 5 2 4 6 9 8 7 1
4 6 8 9 7 2 1 3 5
5 1 7 5 3 8 6 2 4
9 2 3 6 1 4 9 8 7
8 3 5 2 4 1 7 6 9
6 9 4 8 5 7 2 1 3
2 7 1 3 9 6 5 4 8

106
7 8 9 1 2 3 5 4 6
1 4 6 7 8 5 9 3 2
4 5 2 4 6 9 7 8 1
3 6 8 9 7 2 3 1 5
5 1 7 5 3 8 2 6 4
9 2 3 6 1 4 8 9 7
8 3 5 2 4 1 6 7 9
2 7 1 3 9 6 4 5 8
6 9 4 8 5 7 1 2 3

107
7 8 9 1 2 3 4 5 6
1 4 6 7 8 5 3 9 2
3 5 2 4 6 9 8 7 1
5 1 7 5 3 8 6 2 4
4 6 8 9 7 2 1 3 5
9 2 3 6 1 4 9 8 7
8 3 5 2 4 1 7 6 9
2 7 1 3 9 6 5 4 8
6 9 4 8 5 7 2 1 3

108
7 8 9 1 2 3 5 4 6
1 4 6 7 8 5 9 3 2
5 5 2 4 6 9 7 8 1
4 6 8 9 7 2 3 1 5
3 1 7 5 3 8 2 6 4
9 2 3 6 1 4 8 9 7
2 7 1 3 9 6 4 5 8
8 3 5 2 4 1 6 7 9
6 9 4 8 5 7 1 2 3

109
7 8 9 1 2 3 4 5 6
1 4 6 7 8 5 3 9 2
4 5 2 4 6 9 8 7 1
3 1 7 5 3 8 6 2 4
5 6 8 9 7 2 1 3 5
9 2 3 6 1 4 9 8 7
2 7 1 3 9 6 5 4 8
6 9 4 8 5 7 2 1 3
8 3 5 2 4 1 7 6 9

110
7 8 9 1 2 3 5 4 6
1 4 6 7 8 5 9 3 2
3 5 2 4 6 9 7 8 1
4 1 7 5 3 8 2 6 4
9 2 3 6 1 4 8 9 7
5 6 8 9 7 2 3 1 5
2 7 1 3 9 6 4 5 8
6 9 4 8 5 7 1 2 3
8 3 5 2 4 1 6 7 9

111
7 8 9 1 2 3 4 5 6
1 4 6 7 8 5 3 9 2
4 5 2 4 6 9 8 7 1
3 1 7 5 3 8 6 2 4
5 6 8 9 7 2 1 3 5
9 2 3 6 1 4 9 8 7
6 9 4 8 5 7 2 1 3
2 7 1 3 9 6 5 4 8
8 3 5 2 4 1 7 6 9

112
7 8 9 1 2 3 5 4 6
1 4 6 7 8 5 9 3 2
3 5 2 4 6 9 7 8 1
4 1 7 5 3 8 2 6 4
9 2 3 6 1 4 8 9 7
5 6 8 9 7 2 3 1 5
6 9 4 8 5 7 1 2 3
8 3 5 2 4 1 6 7 9
2 7 1 3 9 6 4 5 8

113
7 8 9 1 2 3 4 5 6
1 4 6 7 8 5 3 9 2
4 5 2 4 6 9 8 7 1
9 2 3 6 1 4 9 8 7
3 1 7 5 3 8 6 2 4
5 6 8 9 7 2 1 3 5
6 9 4 8 5 7 2 1 3
8 3 5 2 4 1 7 6 9
2 7 1 3 9 6 5 4 8

114
7 8 9 1 2 3 5 4 6
1 4 6 7 8 5 9 3 2
9 5 2 4 6 9 7 8 1
3 1 7 5 3 8 2 6 4
4 2 3 6 1 4 8 9 7
5 6 8 9 7 2 3 1 5
8 3 5 2 4 1 6 7 9
6 9 4 8 5 7 1 2 3
2 7 1 3 9 6 4 5 8

115
7 8 9 1 2 3 4 5 6
1 4 6 7 8 5 3 9 2
3 5 2 4 6 9 8 7 1
4 2 3 6 1 4 9 8 7
9 1 7 5 3 8 6 2 4
5 6 8 9 7 2 1 3 5
8 3 5 2 4 1 7 6 9
2 7 1 3 9 6 5 4 8
6 9 4 8 5 7 2 1 3

116
7 8 9 1 2 3 5 4 6
1 4 6 7 8 5 9 3 2
4 5 2 4 6 9 7 8 1
3 2 3 6 1 4 8 9 7
5 6 8 9 7 2 3 1 5
9 1 7 5 3 8 2 6 4
8 3 5 2 4 1 6 7 9
2 7 1 3 9 6 4 5 8
6 9 4 8 5 7 1 2 3

117
7 8 9 1 2 3 4 5 6
1 4 6 7 8 5 3 9 2
3 5 2 4 6 9 8 7 1
4 2 3 6 1 4 9 8 7
9 1 7 5 3 8 6 2 4
5 6 8 9 7 2 1 3 5
2 7 1 3 9 6 5 4 8
8 3 5 2 4 1 7 6 9
6 9 4 8 5 7 2 1 3

118
7 8 9 1 2 3 5 4 6
1 4 6 7 8 5 9 3 2
4 5 2 4 6 9 7 8 1
3 2 3 6 1 4 8 9 7
5 6 8 9 7 2 3 1 5
9 1 7 5 3 8 2 6 4
2 7 1 3 9 6 4 5 8
6 9 4 8 5 7 1 2 3
8 3 5 2 4 1 6 7 9

119
7 8 9 1 2 3 4 5 6
1 4 6 7 8 5 3 9 2
3 5 2 4 6 9 8 7 1
5 6 8 9 7 2 1 3 5
4 2 3 6 1 4 9 8 7
9 1 7 5 3 8 6 2 4
2 7 1 3 9 6 5 4 8
6 9 4 8 5 7 2 1 3
8 3 5 2 4 1 7 6 9

120
7 8 9 1 2 3 5 4 6
1 4 6 7 8 5 9 3 2
5 5 2 4 6 9 7 8 1
4 2 3 6 1 4 8 9 7
3 6 8 9 7 2 3 1 5
9 1 7 5 3 8 2 6 4
6 9 4 8 5 7 1 2 3
2 7 1 3 9 6 4 5 8
8 3 5 2 4 1 6 7 9

121
7 8 9 1 2 3 4 5 6
1 4 6 7 8 5 3 9 2
4 5 2 4 6 9 8 7 1
3 6 8 9 7 2 1 3 5
5 2 3 6 1 4 9 8 7
9 1 7 5 3 8 6 2 4
6 9 4 8 5 7 2 1 3
8 3 5 2 4 1 7 6 9
2 7 1 3 9 6 5 4 8

122
7 8 9 1 2 3 5 4 6
1 4 6 7 8 5 9 3 2
3 5 2 4 6 9 7 8 1
4 6 8 9 7 2 3 1 5
9 1 7 5 3 8 2 6 4
5 2 3 6 1 4 8 9 7
6 9 4 8 5 7 1 2 3
8 3 5 2 4 1 6 7 9
2 7 1 3 9 6 4 5 8

123
7 8 9 1 2 3 4 5 6
1 4 6 7 8 5 3 9 2
4 5 2 4 6 9 8 7 1
3 6 8 9 7 2 1 3 5
5 2 3 6 1 4 9 8 7
9 1 7 5 3 8 6 2 4
8 3 5 2 4 1 7 6 9
6 9 4 8 5 7 2 1 3
2 7 1 3 9 6 5 4 8

124
7 8 9 1 2 3 5 4 6
1 4 6 7 8 5 9 3 2
3 5 2 4 6 9 7 8 1
4 6 8 9 7 2 3 1 5
9 1 7 5 3 8 2 6 4
5 2 3 6 1 4 8 9 7
8 3 5 2 4 1 6 7 9
2 7 1 3 9 6 4 5 8
6 9 4 8 5 7 1 2 3

125
7 8 9 1 2 3 5 4 6
1 4 6 7 8 5 9 3 2
3 5 2 4 6 9 7 8 1
4 6 8 9 7 2 3 1 5
9 1 7 5 3 8 2 6 4
5 2 3 6 1 4 8 9 7
8 3 5 2 4 1 6 7 9
2 7 1 3 9 6 4 5 8
6 9 4 8 5 7 1 2 3

126
7 8 9 1 2 3 5 4 6
1 4 6 7 8 5 9 3 2
3 5 2 4 6 9 7 8 1
4 6 8 9 7 2 3 1 5
9 1 7 5 3 8 2 6 4
5 2 3 6 1 4 8 9 7
2 7 1 3 9 6 4 5 8
8 3 5 2 4 1 6 7 9
6 9 4 8 5 7 1 2 3

127
7 8 9 1 2 3 5 4 6
1 4 6 7 8 5 9 3 2
3 5 2 4 6 9 7 8 1
4 6 8 9 7 2 3 1 5
9 1 7 5 3 8 2 6 4
5 2 3 6 1 4 8 9 7
2 7 1 3 9 6 4 5 8
6 9 4 8 5 7 1 2 3
8 3 5 2 4 1 6 7 9

128
7 8 9 1 2 3 5 4 6
1 4 6 7 8 5 9 3 2
3 5 2 4 6 9 7 8 1
9 1 7 5 3 8 2 6 4
4 6 8 9 7 2 3 1 5
5 2 3 6 1 4 8 9 7
2 7 1 3 9 6 4 5 8
6 9 4 8 5 7 1 2 3
8 3 5 2 4 1 6 7 9

129
7 8 9 1 2 3 5 4 6
1 4 6 7 8 5 9 3 2
3 5 2 4 6 9 7 8 1
4 6 8 9 7 2 3 1 5
9 1 7 5 3 8 2 6 4
5 2 3 6 1 4 8 9 7
6 9 4 8 5 7 1 2 3
2 7 1 3 9 6 4 5 8
8 3 5 2 4 1 6 7 9

130
7 8 9 1 2 3 5 4 6
1 4 6 7 8 5 9 3 2
3 5 2 4 6 9 7 8 1
9 1 7 5 3 8 2 6 4
4 6 8 9 7 2 3 1 5
5 2 3 6 1 4 8 9 7
6 9 4 8 5 7 1 2 3
8 3 5 2 4 1 6 7 9
2 7 1 3 9 6 4 5 8

131
7 8 9 1 2 3 5 4 6
1 4 6 7 8 5 9 3 2
3 5 2 4 6 9 7 8 1
9 1 7 5 3 8 2 6 4
5 2 3 6 1 4 8 9 7
4 6 8 9 7 2 3 1 5
6 9 4 8 5 7 1 2 3
8 3 5 2 4 1 6 7 9
2 7 1 3 9 6 4 5 8

132
7 8 9 1 2 3 5 4 6
1 4 6 7 8 5 9 3 2
3 5 2 4 6 9 7 8 1
9 1 7 5 3 8 2 6 4
4 6 8 9 7 2 3 1 5
5 2 3 6 1 4 8 9 7
8 3 5 2 4 1 6 7 9
6 9 4 8 5 7 1 2 3
2 7 1 3 9 6 4 5 8

133
7 8 9 1 2 3 5 4 6
1 4 6 7 8 5 9 3 2
3 5 2 4 6 9 7 8 1
9 1 7 5 3 8 2 6 4
5 2 3 6 1 4 8 9 7
4 6 8 9 7 2 3 1 5
8 3 5 2 4 1 6 7 9
2 7 1 3 9 6 4 5 8
6 9 4 8 5 7 1 2 3

134
7 8 9 1 2 3 5 4 6
1 4 6 7 8 5 9 3 2
3 5 2 4 6 9 7 8 1
5 2 3 6 1 4 8 9 7
9 1 7 5 3 8 2 6 4
4 6 8 9 7 2 3 1 5
8 3 5 2 4 1 6 7 9
2 7 1 3 9 6 4 5 8
6 9 4 8 5 7 1 2 3

135
7 8 9 1 2 3 5 4 6
1 4 6 7 8 5 9 3 2
3 5 2 4 6 9 7 8 1
9 1 7 5 3 8 2 6 4
5 2 3 6 1 4 8 9 7
4 6 8 9 7 2 3 1 5
2 7 1 3 9 6 4 5 8
8 3 5 2 4 1 6 7 9
6 9 4 8 5 7 1 2 3

136
7 8 9 1 2 3 5 4 6
1 4 6 7 8 5 9 3 2
3 5 2 4 6 9 7 8 1
5 2 3 6 1 4 8 9 7
9 1 7 5 3 8 2 6 4
4 6 8 9 7 2 3 1 5
2 7 1 3 9 6 4 5 8
6 9 4 8 5 7 1 2 3
8 3 5 2 4 1 6 7 9

137
7 8 9 1 2 3 5 4 6
1 4 6 7 8 5 9 3 2
3 5 2 4 6 9 7 8 1
5 2 3 6 1 4 8 9 7
4 6 8 9 7 2 3 1 5
9 1 7 5 3 8 2 6 4
2 7 1 3 9 6 4 5 8
6 9 4 8 5 7 1 2 3
8 3 5 2 4 1 6 7 9

138
7 8 9 1 2 3 5 4 6
1 4 6 7 8 5 9 3 2
3 5 2 4 6 9 7 8 1
5 2 3 6 1 4 8 9 7
9 1 7 5 3 8 2 6 4
4 6 8 9 7 2 3 1 5
6 9 4 8 5 7 1 2 3
2 7 1 3 9 6 4 5 8
8 3 5 2 4 1 6 7 9

139
7 8 9 1 2 3 5 4 6
1 4 6 7 8 5 9 3 2
3 5 2 4 6 9 7 8 1
5 2 3 6 1 4 8 9 7
4 6 8 9 7 2 3 1 5
9 1 7 5 3 8 2 6 4
6 9 4 8 5 7 1 2 3
8 3 5 2 4 1 6 7 9
2 7 1 3 9 6 4 5 8

140
7 8 9 1 2 3 5 4 6
1 4 6 7 8 5 9 3 2
3 5 2 4 6 9 7 8 1
4 6 8 9 7 2 3 1 5
5 2 3 6 1 4 8 9 7
9 1 7 5 3 8 2 6 4
6 9 4 8 5 7 1 2 3
8 3 5 2 4 1 6 7 9
2 7 1 3 9 6 4 5 8

141
7 8 9 1 2 3 5 4 6
1 4 6 7 8 5 9 3 2
3 5 2 4 6 9 7 8 1
5 2 3 6 1 4 8 9 7
4 6 8 9 7 2 3 1 5
9 1 7 5 3 8 2 6 4
8 3 5 2 4 1 6 7 9
6 9 4 8 5 7 1 2 3
2 7 1 3 9 6 4 5 8

142
7 8 9 1 2 3 5 4 6
1 4 6 7 8 5 9 3 2
3 5 2 4 6 9 7 8 1
4 6 8 9 7 2 3 1 5
5 2 3 6 1 4 8 9 7
9 1 7 5 3 8 2 6 4
8 3 5 2 4 1 6 7 9
2 7 1 3 9 6 4 5 8
6 9 4 8 5 7 1 2 3

143
7 8 9 1 2 3 5 4 6
1 4 6 7 8 5 9 3 2
3 5 2 4 6 9 7 8 1
4 6 8 9 7 2 3 1 5
9 1 7 5 3 8 2 6 4
5 2 3 6 1 4 8 9 7
8 3 5 2 4 1 6 7 9
2 7 1 3 9 6 4 5 8
6 9 4 8 5 7 1 2 3

144
7 8 9 1 2 3 5 4 6
1 4 6 7 8 5 9 3 2
3 5 2 4 6 9 7 8 1
4 6 8 9 7 2 3 1 5
5 2 3 6 1 4 8 9 7
9 1 7 5 3 8 2 6 4
2 7 1 3 9 6 4 5 8
8 3 5 2 4 1 6 7 9
6 9 4 8 5 7 1 2 3

145
7 8 9 1 2 3 5 4 6
1 4 6 7 8 5 9 3 2
3 5 2 4 6 9 7 8 1
4 6 8 9 7 2 3 1 5
9 1 7 5 3 8 2 6 4
5 2 3 6 1 4 8 9 7
2 7 1 3 9 6 4 5 8
6 9 4 8 5 7 1 2 3
8 3 5 2 4 1 6 7 9

146
7 8 9 1 2 3 5 4 6
3 4 6 7 8 5 9 3 2
1 5 2 4 6 9 7 8 1
4 6 8 9 7 2 3 1 5
9 1 7 5 3 8 2 6 4
5 2 3 6 1 4 8 9 7
2 7 1 3 9 6 4 5 8
6 9 4 8 5 7 1 2 3
8 3 5 2 4 1 6 7 9

147
7 8 9 1 2 3 5 4 6
1 4 6 7 8 5 9 3 2
3 5 2 4 6 9 7 8 1
4 6 8 9 7 2 3 1 5
9 1 7 5 3 8 2 6 4
5 2 3 6 1 4 8 9 7
6 9 4 8 5 7 1 2 3
2 7 1 3 9 6 4 5 8
8 3 5 2 4 1 6 7 9

148
7 8 9 1 2 3 5 4 6
3 4 6 7 8 5 9 3 2
1 5 2 4 6 9 7 8 1
4 6 8 9 7 2 3 1 5
9 1 7 5 3 8 2 6 4
5 2 3 6 1 4 8 9 7
6 9 4 8 5 7 1 2 3
8 3 5 2 4 1 6 7 9
2 7 1 3 9 6 4 5 8

149
7 8 9 1 2 3 5 4 6
1 4 6 7 8 5 9 3 2
3 5 2 4 6 9 7 8 1
9 1 7 5 3 8 2 6 4
4 6 8 9 7 2 3 1 5
5 2 3 6 1 4 8 9 7
6 9 4 8 5 7 1 2 3
8 3 5 2 4 1 6 7 9
2 7 1 3 9 6 4 5 8

150
7 8 9 1 2 3 5 4 6
3 4 6 7 8 5 9 3 2
1 5 2 4 6 9 7 8 1
4 6 8 9 7 2 3 1 5
9 1 7 5 3 8 2 6 4
5 2 3 6 1 4 8 9 7
8 3 5 2 4 1 6 7 9
6 9 4 8 5 7 1 2 3
2 7 1 3 9 6 4 5 8

151
7 8 9 1 2 3 5 4 6
1 4 6 7 8 5 9 3 2
3 5 2 4 6 9 7 8 1
9 1 7 5 3 8 2 6 4
4 6 8 9 7 2 3 1 5
5 2 3 6 1 4 8 9 7
8 3 5 2 4 1 6 7 9
2 7 1 3 9 6 4 5 8
6 9 4 8 5 7 1 2 3

152
7 8 9 1 2 3 5 4 6
3 4 6 7 8 5 9 3 2
1 5 2 4 6 9 7 8 1
9 1 7 5 3 8 2 6 4
5 2 3 6 1 4 8 9 7
4 6 8 9 7 2 3 1 5
8 3 5 2 4 1 6 7 9
2 7 1 3 9 6 4 5 8
6 9 4 8 5 7 1 2 3

153
7 8 9 1 2 3 5 4 6
1 4 6 7 8 5 9 3 2
3 5 2 4 6 9 7 8 1
9 1 7 5 3 8 2 6 4
4 6 8 9 7 2 3 1 5
5 2 3 6 1 4 8 9 7
2 7 1 3 9 6 4 5 8
8 3 5 2 4 1 6 7 9
6 9 4 8 5 7 1 2 3

154
7 8 9 1 2 3 5 4 6
3 4 6 7 8 5 9 3 2
1 5 2 4 6 9 7 8 1
9 1 7 5 3 8 2 6 4
5 2 3 6 1 4 8 9 7
4 6 8 9 7 2 3 1 5
2 7 1 3 9 6 4 5 8
6 9 4 8 5 7 1 2 3
8 3 5 2 4 1 6 7 9

155
7 8 9 1 2 3 5 4 6
1 4 6 7 8 5 9 3 2
3 5 2 4 6 9 7 8 1
5 2 3 6 1 4 8 9 7
9 1 7 5 3 8 2 6 4
4 6 8 9 7 2 3 1 5
2 7 1 3 9 6 4 5 8
6 9 4 8 5 7 1 2 3
8 3 5 2 4 1 6 7 9

156
7 8 9 1 2 3 5 4 6
3 4 6 7 8 5 9 3 2
1 5 2 4 6 9 7 8 1
9 1 7 5 3 8 2 6 4
5 2 3 6 1 4 8 9 7
4 6 8 9 7 2 3 1 5
6 9 4 8 5 7 1 2 3
2 7 1 3 9 6 4 5 8
8 3 5 2 4 1 6 7 9

157
7 8 9 1 2 3 5 4 6
1 4 6 7 8 5 9 3 2
3 5 2 4 6 9 7 8 1
5 2 3 6 1 4 8 9 7
9 1 7 5 3 8 2 6 4
4 6 8 9 7 2 3 1 5
6 9 4 8 5 7 1 2 3
8 3 5 2 4 1 6 7 9
2 7 1 3 9 6 4 5 8

158
7 8 9 1 2 3 5 4 6
3 4 6 7 8 5 9 3 2
1 5 2 4 6 9 7 8 1
5 2 3 6 1 4 8 9 7
4 6 8 9 7 2 3 1 5
9 1 7 5 3 8 2 6 4
6 9 4 8 5 7 1 2 3
8 3 5 2 4 1 6 7 9
2 7 1 3 9 6 4 5 8

159
7 8 9 1 2 3 5 4 6
1 4 6 7 8 5 9 3 2
3 5 2 4 6 9 7 8 1
5 2 3 6 1 4 8 9 7
9 1 7 5 3 8 2 6 4
4 6 8 9 7 2 3 1 5
8 3 5 2 4 1 6 7 9
6 9 4 8 5 7 1 2 3
2 7 1 3 9 6 4 5 8

160
7 8 9 1 2 3 5 4 6
3 4 6 7 8 5 9 3 2
1 5 2 4 6 9 7 8 1
5 2 3 6 1 4 8 9 7
4 6 8 9 7 2 3 1 5
9 1 7 5 3 8 2 6 4
8 3 5 2 4 1 6 7 9
2 7 1 3 9 6 4 5 8
6 9 4 8 5 7 1 2 3

161
7 8 9 1 2 3 5 4 6
1 4 6 7 8 5 9 3 2
3 5 2 4 6 9 7 8 1
4 6 8 9 7 2 3 1 5
5 2 3 6 1 4 8 9 7
9 1 7 5 3 8 2 6 4
8 3 5 2 4 1 6 7 9
2 7 1 3 9 6 4 5 8
6 9 4 8 5 7 1 2 3

162
7 8 9 1 2 3 5 4 6
3 4 6 7 8 5 9 3 2
1 5 2 4 6 9 7 8 1
5 2 3 6 1 4 8 9 7
4 6 8 9 7 2 3 1 5
9 1 7 5 3 8 2 6 4
2 7 1 3 9 6 4 5 8
8 3 5 2 4 1 6 7 9
6 9 4 8 5 7 1 2 3

163
7 8 9 1 2 3 5 4 6
1 4 6 7 8 5 9 3 2
3 5 2 4 6 9 7 8 1
4 6 8 9 7 2 3 1 5
5 2 3 6 1 4 8 9 7
9 1 7 5 3 8 2 6 4
2 7 1 3 9 6 4 5 8
6 9 4 8 5 7 1 2 3
8 3 5 2 4 1 6 7 9

164
7 8 9 1 2 3 5 4 6
3 4 6 7 8 5 9 3 2
1 5 2 4 6 9 7 8 1
4 6 8 9 7 2 3 1 5
9 1 7 5 3 8 2 6 4
5 2 3 6 1 4 8 9 7
2 7 1 3 9 6 4 5 8
6 9 4 8 5 7 1 2 3
8 3 5 2 4 1 6 7 9

165
7 8 9 1 2 3 5 4 6
1 4 6 7 8 5 9 3 2
3 5 2 4 6 9 7 8 1
4 6 8 9 7 2 3 1 5
5 2 3 6 1 4 8 9 7
9 1 7 5 3 8 2 6 4
6 9 4 8 5 7 1 2 3
2 7 1 3 9 6 4 5 8
8 3 5 2 4 1 6 7 9

166
7 8 9 1 2 3 5 4 6
3 4 6 7 8 5 9 3 2
1 5 2 4 6 9 7 8 1
4 6 8 9 7 2 3 1 5
9 1 7 5 3 8 2 6 4
5 2 3 6 1 4 8 9 7
6 9 4 8 5 7 1 2 3
8 3 5 2 4 1 6 7 9
2 7 1 3 9 6 4 5 8

167
7 8 9 1 2 3 5 4 6
1 4 6 7 8 5 9 3 2
3 5 2 4 6 9 7 8 1
4 6 8 9 7 2 3 1 5
9 1 7 5 3 8 2 6 4
5 2 3 6 1 4 8 9 7
6 9 4 8 5 7 1 2 3
8 3 5 2 4 1 6 7 9
2 7 1 3 9 6 4 5 8

168
7 8 9 1 2 3 5 4 6
3 4 6 7 8 5 9 3 2
1 5 2 4 6 9 7 8 1
4 6 8 9 7 2 3 1 5
9 1 7 5 3 8 2 6 4
5 2 3 6 1 4 8 9 7
8 3 5 2 4 1 6 7 9
6 9 4 8 5 7 1 2 3
2 7 1 3 9 6 4 5 8

169
7 8 9 1 2 3 5 4 6
1 4 6 7 8 5 9 3 2
3 5 2 4 6 9 7 8 1
4 6 8 9 7 2 3 1 5
9 1 7 5 3 8 2 6 4
5 2 3 6 1 4 8 9 7
8 3 5 2 4 1 6 7 9
2 7 1 3 9 6 4 5 8
6 9 4 8 5 7 1 2 3

170
7 8 9 1 2 3 5 4 6
3 4 6 7 8 5 9 3 2
1 5 2 4 6 9 7 8 1
9 1 7 5 3 8 2 6 4
4 6 8 9 7 2 3 1 5
5 2 3 6 1 4 8 9 7
8 3 5 2 4 1 6 7 9
2 7 1 3 9 6 4 5 8
6 9 4 8 5 7 1 2 3

171
7 8 9 1 2 3 5 4 6
1 4 6 7 8 5 9 3 2
3 5 2 4 6 9 7 8 1
4 6 8 9 7 2 3 1 5
9 1 7 5 3 8 2 6 4
5 2 3 6 1 4 8 9 7
2 7 1 3 9 6 4 5 8
8 3 5 2 4 1 6 7 9
6 9 4 8 5 7 1 2 3

172
7 8 9 1 2 3 5 4 6
3 4 6 7 8 5 9 3 2
1 5 2 4 6 9 7 8 1
9 1 7 5 3 8 2 6 4
4 6 8 9 7 2 3 1 5
5 2 3 6 1 4 8 9 7
2 7 1 3 9 6 4 5 8
6 9 4 8 5 7 1 2 3
8 3 5 2 4 1 6 7 9

173
7 8 9 1 2 3 5 4 6
1 4 6 7 8 5 9 3 2
3 5 2 4 6 9 7 8 1
9 1 7 5 3 8 2 6 4
5 2 3 6 1 4 8 9 7
4 6 8 9 7 2 3 1 5
2 7 1 3 9 6 4 5 8
6 9 4 8 5 7 1 2 3
8 3 5 2 4 1 6 7 9

174
7 8 9 1 2 3 5 4 6
3 4 6 7 8 5 9 3 2
1 5 2 4 6 9 7 8 1
9 1 7 5 3 8 2 6 4
4 6 8 9 7 2 3 1 5
5 2 3 6 1 4 8 9 7
6 9 4 8 5 7 1 2 3
2 7 1 3 9 6 4 5 8
8 3 5 2 4 1 6 7 9

175
7 8 9 1 2 3 5 4 6
1 4 6 7 8 5 9 3 2
3 5 2 4 6 9 7 8 1
9 1 7 5 3 8 2 6 4
5 2 3 6 1 4 8 9 7
4 6 8 9 7 2 3 1 5
6 9 4 8 5 7 1 2 3
8 3 5 2 4 1 6 7 9
2 7 1 3 9 6 4 5 8

176
7 8 9 1 2 3 5 4 6
3 4 6 7 8 5 9 3 2
1 5 2 4 6 9 7 8 1
5 2 3 6 1 4 8 9 7
9 1 7 5 3 8 2 6 4
4 6 8 9 7 2 3 1 5
6 9 4 8 5 7 1 2 3
8 3 5 2 4 1 6 7 9
2 7 1 3 9 6 4 5 8

177
7 8 9 1 2 3 5 4 6
1 4 6 7 8 5 9 3 2
3 5 2 4 6 9 7 8 1
9 1 7 5 3 8 2 6 4
5 2 3 6 1 4 8 9 7
4 6 8 9 7 2 3 1 5
8 3 5 2 4 1 6 7 9
6 9 4 8 5 7 1 2 3
2 7 1 3 9 6 4 5 8

178
7 8 9 1 2 3 5 4 6
3 4 6 7 8 5 9 3 2
1 5 2 4 6 9 7 8 1
5 2 3 6 1 4 8 9 7
9 1 7 5 3 8 2 6 4
4 6 8 9 7 2 3 1 5
8 3 5 2 4 1 6 7 9
2 7 1 3 9 6 4 5 8
6 9 4 8 5 7 1 2 3

179
7 8 9 1 2 3 5 4 6
1 4 6 7 8 5 9 3 2
3 5 2 4 6 9 7 8 1
5 2 3 6 1 4 8 9 7
4 6 8 9 7 2 3 1 5
9 1 7 5 3 8 2 6 4
8 3 5 2 4 1 6 7 9
2 7 1 3 9 6 4 5 8
6 9 4 8 5 7 1 2 3

180
7 8 9 1 2 3 5 4 6
3 4 6 7 8 5 9 3 2
1 5 2 4 6 9 7 8 1
5 2 3 6 1 4 8 9 7
9 1 7 5 3 8 2 6 4
4 6 8 9 7 2 3 1 5
2 7 1 3 9 6 4 5 8
8 3 5 2 4 1 6 7 9
6 9 4 8 5 7 1 2 3

181
7 8 9 1 2 3 5 4 6
1 4 6 7 8 5 9 3 2
3 5 2 4 6 9 7 8 1
5 2 3 6 1 4 8 9 7
4 6 8 9 7 2 3 1 5
9 1 7 5 3 8 2 6 4
2 7 1 3 9 6 4 5 8
6 9 4 8 5 7 1 2 3
8 3 5 2 4 1 6 7 9

182
7 8 9 1 2 3 5 4 6
3 4 6 7 8 5 9 3 2
1 5 2 4 6 9 7 8 1
4 6 8 9 7 2 3 1 5
5 2 3 6 1 4 8 9 7
9 1 7 5 3 8 2 6 4
2 7 1 3 9 6 4 5 8
6 9 4 8 5 7 1 2 3
8 3 5 2 4 1 6 7 9

183
7 8 9 1 2 3 5 4 6
1 4 6 7 8 5 9 3 2
3 5 2 4 6 9 7 8 1
5 2 3 6 1 4 8 9 7
4 6 8 9 7 2 3 1 5
9 1 7 5 3 8 2 6 4
6 9 4 8 5 7 1 2 3
2 7 1 3 9 6 4 5 8
8 3 5 2 4 1 6 7 9

184
7 8 9 1 2 3 5 4 6
3 4 6 7 8 5 9 3 2
1 5 2 4 6 9 7 8 1
4 6 8 9 7 2 3 1 5
5 2 3 6 1 4 8 9 7
9 1 7 5 3 8 2 6 4
6 9 4 8 5 7 1 2 3
8 3 5 2 4 1 6 7 9
2 7 1 3 9 6 4 5 8

185
7 8 9 1 2 3 5 4 6
1 4 6 7 8 5 9 3 2
3 5 2 4 6 9 7 8 1
4 6 8 9 7 2 3 1 5
9 1 7 5 3 8 2 6 4
5 2 3 6 1 4 8 9 7
6 9 4 8 5 7 1 2 3
8 3 5 2 4 1 6 7 9
2 7 1 3 9 6 4 5 8

186
7 8 9 1 2 3 5 4 6
3 4 6 7 8 5 9 3 2
1 5 2 4 6 9 7 8 1
4 6 8 9 7 2 3 1 5
5 2 3 6 1 4 8 9 7
9 1 7 5 3 8 2 6 4
8 3 5 2 4 1 6 7 9
6 9 4 8 5 7 1 2 3
2 7 1 3 9 6 4 5 8

187
7 8 9 1 2 3 5 4 6
1 4 6 7 8 5 9 3 2
3 5 2 4 6 9 7 8 1
4 6 8 9 7 2 3 1 5
9 1 7 5 3 8 2 6 4
5 2 3 6 1 4 8 9 7
8 3 5 2 4 1 6 7 9
2 7 1 3 9 6 4 5 8
6 9 4 8 5 7 1 2 3

188
7 8 9 1 2 3 4 5 6
1 4 6 7 8 5 3 9 2
3 5 2 4 6 9 8 7 1
4 6 8 9 7 2 1 3 5
9 1 7 5 3 8 6 2 4
5 2 3 6 1 4 9 8 7
8 3 5 2 4 1 7 6 9
2 7 1 3 9 6 5 4 8
6 9 4 8 5 7 2 1 3

189
7 8 9 1 2 3 5 4 6
1 4 6 7 8 5 9 3 2
3 5 2 4 6 9 7 8 1
4 6 8 9 7 2 3 1 5
9 1 7 5 3 8 2 6 4
5 2 3 6 1 4 8 9 7
2 7 1 3 9 6 4 5 8
8 3 5 2 4 1 6 7 9
6 9 4 8 5 7 1 2 3

190
7 8 9 1 2 3 4 5 6
1 4 6 7 8 5 3 9 2
3 5 2 4 6 9 8 7 1
4 6 8 9 7 2 1 3 5
9 1 7 5 3 8 6 2 4
5 2 3 6 1 4 9 8 7
2 7 1 3 9 6 5 4 8
6 9 4 8 5 7 2 1 3
8 3 5 2 4 1 7 6 9

191
7 8 9 1 2 3 5 4 6
1 4 6 7 8 5 9 3 2
3 5 2 4 6 9 7 8 1
9 1 7 5 3 8 2 6 4
4 6 8 9 7 2 3 1 5
5 2 3 6 1 4 8 9 7
2 7 1 3 9 6 4 5 8
6 9 4 8 5 7 1 2 3
8 3 5 2 4 1 6 7 9

192
7 8 9 1 2 3 4 5 6
1 4 6 7 8 5 3 9 2
3 5 2 4 6 9 8 7 1
4 6 8 9 7 2 1 3 5
9 1 7 5 3 8 6 2 4
5 2 3 6 1 4 9 8 7
6 9 4 8 5 7 2 1 3
2 7 1 3 9 6 5 4 8
8 3 5 2 4 1 7 6 9

193
7 8 9 1 2 3 5 4 6
1 4 6 7 8 5 9 3 2
3 5 2 4 6 9 7 8 1
9 1 7 5 3 8 2 6 4
4 6 8 9 7 2 3 1 5
5 2 3 6 1 4 8 9 7
6 9 4 8 5 7 1 2 3
8 3 5 2 4 1 6 7 9
2 7 1 3 9 6 4 5 8

194
7 8 9 1 2 3 4 5 6
1 4 6 7 8 5 3 9 2
3 5 2 4 6 9 8 7 1
9 1 7 5 3 8 6 2 4
5 2 3 6 1 4 9 8 7
4 6 8 9 7 2 1 3 5
6 9 4 8 5 7 2 1 3
8 3 5 2 4 1 7 6 9
2 7 1 3 9 6 5 4 8

195
7 8 9 1 2 3 5 4 6
1 4 6 7 8 5 9 3 2
3 5 2 4 6 9 7 8 1
9 1 7 5 3 8 2 6 4
4 6 8 9 7 2 3 1 5
5 2 3 6 1 4 8 9 7
8 3 5 2 4 1 6 7 9
6 9 4 8 5 7 1 2 3
2 7 1 3 9 6 4 5 8

196
7 8 9 1 2 3 4 5 6
1 4 6 7 8 5 3 9 2
3 5 2 4 6 9 8 7 1
9 1 7 5 3 8 6 2 4
5 2 3 6 1 4 9 8 7
4 6 8 9 7 2 1 3 5
8 3 5 2 4 1 7 6 9
2 7 1 3 9 6 5 4 8
6 9 4 8 5 7 2 1 3

197
7 8 9 1 2 3 5 4 6
1 4 6 7 8 5 9 3 2
3 5 2 4 6 9 7 8 1
5 2 3 6 1 4 8 9 7
9 1 7 5 3 8 2 6 4
4 6 8 9 7 2 3 1 5
8 3 5 2 4 1 6 7 9
2 7 1 3 9 6 4 5 8
6 9 4 8 5 7 1 2 3

198
7 8 9 1 2 3 4 5 6
1 4 6 7 8 5 3 9 2
3 5 2 4 6 9 8 7 1
9 1 7 5 3 8 6 2 4
5 2 3 6 1 4 9 8 7
4 6 8 9 7 2 1 3 5
2 7 1 3 9 6 5 4 8
8 3 5 2 4 1 7 6 9
6 9 4 8 5 7 2 1 3

199
